/* 
   New Perspectives on JavaScript
   Tutorial 4
   Case Problem 1

   The Golf Page

   Variable List:
   x
      Contains an array of the x-coordinates of the golf ball flight
   y
      Contains an array of the y-coordinates of the golf ball flight
*/


var x = new Array(-395, -389, -383, -377, -371, -365, -359, -353, -346, 
-340, -334, -328, -322, -316, -310, -304, -297, -291, -285, -279, -273, 
-267, -261, -255, -248, -242, -236, -230, -224, -218, -212, -206, -199, 
-193, -187, -181, -175, -169, -163, -157, -150, -144, -138, -132, -126, 
-120, -114, -108, -101, -95, -93, -91, -88, -86, -83, -81, -78, -76, -73, 
-71, -69, -66, -64, -61, -59, -56, -54, -51, -49, -47, -44, -42, -39, -37, 
-34, -32, -29, -27, -24, -22, -20, -17, -15, -12, -10, -7, -5, -2, 0);

var y = new Array(-300, -300, -300, -299, -298, -297, -296, -294, -292, 
-290, -288, -285, -282, -279, -276, -272, -268, -264, -260, -255, -250, 
-245, -240, -234, -228, -222, -216, -209, -202, -195, -188, -180, -172, 
-164, -156, -147, -138, -129, -120, -110, -100, -90, -80, -69, -58, -47, 
-36, -24, -12, 0, -5, -10, -14, -18, -22, -25, -29, -32, -34, -37, -39, 
-41, -43, -45, -46, -47, -48, -48, -48, -48, -48, -48, -47, -46, -45, -43, 
-42, -40, -37, -35, -32, -29, -26, -23, -19, -15, -11, -6, 0);
